"name","n","mean_ms","p95_ms","max_ms"
"Zterm.draw",127,0.533000,2.666000,4.811000
"Zterm.rows",127,0.280000,1.227000,4.091000
"Zterm.anchor",127,0.131000,0.249000,3.732000
"Zterm.rowRecord",82,0.161000,0.219000,0.293000
"Zterm.source",127,0.095000,0.530000,1.192000
"Zterm.geometry",127,0.013000,0.032000,0.052000
"Zterm.overlays",127,0.005000,0.008000,0.013000

"id","start_ms","ime_ms","draw_ms","end_delta_ms","name","stage_ms","recorded_rows"
1505,967298.990000,350.780000,0.093000,1.769000,"Zterm.geometry",0.008000,0
1505,967298.990000,350.780000,0.093000,1.769000,"Zterm.rows",0.047000,0
1505,967298.990000,350.780000,0.093000,1.769000,"Zterm.overlays",0.004000,0
1505,967298.990000,350.780000,0.093000,1.769000,"Zterm.source",0.001000,0
1505,967298.990000,350.780000,0.093000,1.769000,"Zterm.anchor",0.030000,0
10516,968786.940000,330.280000,0.109000,3.694000,"Zterm.geometry",0.036000,0
10516,968786.940000,330.280000,0.109000,3.694000,"Zterm.rows",0.052000,0
10516,968786.940000,330.280000,0.109000,3.694000,"Zterm.overlays",0.005000,0
10516,968786.940000,330.280000,0.109000,3.694000,"Zterm.source",0.001000,0
10516,968786.940000,330.280000,0.109000,3.694000,"Zterm.anchor",0.009000,0
20671,970787.150000,333.890000,0.232000,4.693000,"Zterm.geometry",0.020000,0
20671,970787.150000,333.890000,0.232000,4.693000,"Zterm.rows",0.110000,0
20671,970787.150000,333.890000,0.232000,4.693000,"Zterm.overlays",0.007000,0
20671,970787.150000,333.890000,0.232000,4.693000,"Zterm.source",0.001000,0
20671,970787.150000,333.890000,0.232000,4.693000,"Zterm.anchor",0.086000,0
20671,970787.150000,333.890000,0.513000,47.984000,"Zterm.geometry",0.008000,0
20671,970787.150000,333.890000,0.513000,47.984000,"Zterm.rows",0.346000,0
20671,970787.150000,333.890000,0.513000,47.984000,"Zterm.overlays",0.004000,0
20671,970787.150000,333.890000,0.513000,47.984000,"Zterm.source",0.142000,0
20671,970787.150000,333.890000,0.513000,47.984000,"Zterm.anchor",0.009000,0
29441,973002.620000,339.440000,0.070000,2.747000,"Zterm.geometry",0.009000,0
29441,973002.620000,339.440000,0.070000,2.747000,"Zterm.rows",0.044000,0
29441,973002.620000,339.440000,0.070000,2.747000,"Zterm.overlays",0.003000,0
29441,973002.620000,339.440000,0.070000,2.747000,"Zterm.source",0.001000,0
29441,973002.620000,339.440000,0.070000,2.747000,"Zterm.anchor",0.009000,0
40495,975183.140000,336.220000,2.389000,2.654000,"Zterm.geometry",0.014000,0
40495,975183.140000,336.220000,2.389000,2.654000,"Zterm.rows",0.079000,0
40495,975183.140000,336.220000,2.389000,2.654000,"Zterm.overlays",0.005000,0
40495,975183.140000,336.220000,2.389000,2.654000,"Zterm.source",0.001000,0
40495,975183.140000,336.220000,2.389000,2.654000,"Zterm.anchor",2.282000,0
50837,977700.980000,338.640000,0.061000,0.803000,"Zterm.geometry",0.007000,0
50837,977700.980000,338.640000,0.061000,0.803000,"Zterm.rows",0.042000,0
50837,977700.980000,338.640000,0.061000,0.803000,"Zterm.overlays",0.003000,0
50837,977700.980000,338.640000,0.061000,0.803000,"Zterm.source",0.001000,0
50837,977700.980000,338.640000,0.061000,0.803000,"Zterm.anchor",0.005000,0
62486,979718.120000,349.250000,0.093000,1.336000,"Zterm.geometry",0.008000,0
62486,979718.120000,349.250000,0.093000,1.336000,"Zterm.rows",0.047000,0
62486,979718.120000,349.250000,0.093000,1.336000,"Zterm.overlays",0.003000,0
62486,979718.120000,349.250000,0.093000,1.336000,"Zterm.source",0.000000,0
62486,979718.120000,349.250000,0.093000,1.336000,"Zterm.anchor",0.030000,0
70636,980967.570000,337.430000,0.059000,0.756000,"Zterm.geometry",0.007000,0
70636,980967.570000,337.430000,0.059000,0.756000,"Zterm.rows",0.039000,0
70636,980967.570000,337.430000,0.059000,0.756000,"Zterm.overlays",0.003000,0
70636,980967.570000,337.430000,0.059000,0.756000,"Zterm.source",0.001000,0
70636,980967.570000,337.430000,0.059000,0.756000,"Zterm.anchor",0.005000,0

"id","old_rows","ime_ms","candidate_after_start_ms","handoff_after_end_ms"
1505,"[NULL]",350.780000,"[NULL]","[NULL]"
10516,"[NULL]",330.280000,"[NULL]","[NULL]"
20671,"[NULL]",333.890000,"[NULL]","[NULL]"
29441,"[NULL]",339.440000,"[NULL]","[NULL]"
40495,"[NULL]",336.220000,"[NULL]","[NULL]"
50837,"[NULL]",338.640000,"[NULL]","[NULL]"
62486,"[NULL]",349.250000,"[NULL]","[NULL]"
70636,"[NULL]",337.430000,"[NULL]","[NULL]"

"id","name","wall_ms","running_ms"
80264,"Zterm.rows",4.091000,4.074000
28101,"Zterm.rows",3.830000,3.830000
65105,"Zterm.anchor",3.732000,0.304000
48915,"Zterm.rows",3.382000,3.382000
60497,"Zterm.rows",3.072000,3.072000
42307,"Zterm.rows",2.291000,2.291000
45942,"Zterm.anchor",2.282000,2.282000
19104,"Zterm.rows",1.810000,1.810000
71200,"Zterm.anchor",1.736000,1.736000
4154,"Zterm.anchor",1.666000,1.666000
28891,"Zterm.rows",1.280000,1.280000
28894,"Zterm.source",1.192000,1.192000
27665,"Zterm.rows",1.104000,1.104000
