"name","n","mean_ms","p95_ms","max_ms"
"Zterm.draw",358,0.291000,1.156000,7.456000
"Zterm.anchor",358,0.150000,0.305000,7.395000
"Zterm.rows",358,0.100000,0.187000,2.847000
"Zterm.source",358,0.014000,0.002000,0.906000
"Zterm.rowRecord",38,0.115000,0.226000,0.398000
"Zterm.geometry",358,0.008000,0.016000,0.057000
"Zterm.overlays",358,0.007000,0.008000,0.550000

"id","start_ms","ime_ms","draw_ms","end_delta_ms","name","stage_ms","recorded_rows"
3376,1158817.210000,2884.740000,1.969000,2.747000,"Zterm.geometry",0.011000,1
3376,1158817.210000,2884.740000,1.969000,2.747000,"Zterm.rows",1.441000,1
3376,1158817.210000,2884.740000,1.969000,2.747000,"Zterm.overlays",0.004000,1
3376,1158817.210000,2884.740000,1.969000,2.747000,"Zterm.source",0.421000,1
3376,1158817.210000,2884.740000,1.969000,2.747000,"Zterm.anchor",0.078000,1
48498,1162100.850000,2888.260000,0.054000,0.678000,"Zterm.geometry",0.005000,0
48498,1162100.850000,2888.260000,0.054000,0.678000,"Zterm.rows",0.034000,0
48498,1162100.850000,2888.260000,0.054000,0.678000,"Zterm.overlays",0.003000,0
48498,1162100.850000,2888.260000,0.054000,0.678000,"Zterm.source",0.000000,0
48498,1162100.850000,2888.260000,0.054000,0.678000,"Zterm.anchor",0.005000,0
100565,1165716.890000,2891.030000,1.609000,2.885000,"Zterm.geometry",0.013000,1
100565,1165716.890000,2891.030000,1.609000,2.885000,"Zterm.rows",0.915000,1
100565,1165716.890000,2891.030000,1.609000,2.885000,"Zterm.overlays",0.004000,1
100565,1165716.890000,2891.030000,1.609000,2.885000,"Zterm.source",0.581000,1
100565,1165716.890000,2891.030000,1.609000,2.885000,"Zterm.anchor",0.080000,1
145543,1169000.740000,2883.700000,3.098000,1.799000,"Zterm.geometry",0.006000,18
145543,1169000.740000,2883.700000,3.098000,1.799000,"Zterm.rows",2.847000,18
145543,1169000.740000,2883.700000,3.098000,1.799000,"Zterm.overlays",0.002000,18
145543,1169000.740000,2883.700000,3.098000,1.799000,"Zterm.source",0.224000,18
145543,1169000.740000,2883.700000,3.098000,1.799000,"Zterm.anchor",0.011000,18

"id","old_rows","ime_ms","candidate_after_start_ms","handoff_after_end_ms"
3376,44.000000,2884.740000,1345.300000,2.751000
48498,26.000000,2888.260000,"[NULL]","[NULL]"
100565,44.000000,2891.030000,1284.041000,2.889000
145543,26.000000,2883.700000,1705.014000,1.801000

"id","name","wall_ms","running_ms"
27375,"Zterm.anchor",7.395000,0.058000
57109,"Zterm.anchor",4.911000,4.911000
17857,"Zterm.anchor",4.090000,0.054000
187387,"Zterm.rows",2.847000,2.806000
95509,"Zterm.rows",2.644000,2.644000
26028,"Zterm.anchor",2.417000,0.081000
115526,"Zterm.anchor",2.094000,2.082000
64427,"Zterm.anchor",1.779000,1.779000
38615,"Zterm.anchor",1.679000,1.674000
46816,"Zterm.rows",1.441000,1.441000
3716,"Zterm.rows",1.343000,1.343000
63581,"Zterm.anchor",1.316000,1.316000
159823,"Zterm.anchor",1.064000,1.064000
100922,"Zterm.rows",1.027000,1.027000
